0;3
101;102
102;112
104;108
104;113
105;106
105;110
106;112
107;114
107;117
108;115
109;111
109;118
10;12
110;115
111;119
113;116
114;116
117;121
118;121
119;124
11;13
120;125
120;128
122;124
122;128
123;125
123;130
126;131
126;132
127;129
127;132
129;133
12;14
130;131
133;136
134;135
134;136
135;137
137;138
138;139
139;140
140;143
141;142
141;143
142;145
144;145
144;152
146;147
146;148
147;152
148;150
149;154
149;155
14;15
150;155
151;157
151;158
153;154
153;158
156;157
156;159
159;161
15;16
160;161
160;162
162;178
163;164
163;178
164;166
165;166
165;168
167;168
167;171
169;173
169;177
16;17
170;177
170;182
171;172
172;175
173;175
174;176
174;182
176;181
179;180
179;184
17;21
180;185
181;184
183;185
183;187
186;191
186;193
187;190
188;189
188;190
189;194
18;22
18;23
191;192
192;195
193;196
194;195
196;197
197;198
198;199
199;200
19;20
19;23
1;2
1;3
200;202
201;206
201;207
202;203
203;208
204;209
204;211
205;207
205;212
206;208
209;212
20;26
210;216
210;217
211;214
213;214
213;216
215;218
215;228
217;219
218;222
219;221
21;22
220;227
220;229
221;228
222;227
223;224
223;229
224;232
225;226
225;232
226;241
230;235
230;237
231;234
231;236
233;237
233;239
234;238
235;236
238;243
239;241
240;243
240;251
242;244
242;247
244;251
245;246
245;250
246;247
248;249
248;258
249;252
24;25
24;26
250;258
252;257
253;254
253;260
254;257
255;263
255;264
256;259
256;264
259;260
25;27
261;263
261;266
262;265
262;267
265;268
266;268
267;276
269;270
269;276
270;272
271;272
271;273
273;274
274;275
275;282
277;278
277;282
278;279
279;280
27;31
280;281
281;284
283;285
283;287
284;285
286;289
286;294
287;288
288;290
289;290
28;29
28;32
291;292
291;293
292;294
293;297
295;297
295;299
296;300
296;301
298;299
298;300
29;38
2;4
301;302
302;303
303;307
304;306
304;308
305;309
305;312
306;307
308;309
30;31
30;38
310;313
310;315
311;312
311;315
313;318
314;316
314;318
316;319
317;320
317;323
319;322
320;322
321;323
321;324
324;325
325;326
326;330
327;330
327;333
328;331
328;333
329;332
329;334
32;34
331;332
334;336
335;343
335;345
336;339
337;340
337;341
338;339
338;341
33;40
33;41
340;343
342;345
342;350
344;348
344;350
346;347
346;348
347;349
349;355
34;36
351;354
351;355
352;353
352;354
353;360
356;358
356;360
357;361
357;362
358;361
359;363
359;368
35;45
35;47
362;364
363;364
365;367
365;368
366;369
366;370
367;369
36;37
370;376
371;373
371;387
372;374
372;376
373;380
374;377
375;377
375;378
378;380
379;381
379;393
37;39
381;384
382;383
382;384
383;386
385;388
385;392
386;392
387;393
388;395
389;394
389;396
390;394
390;395
391;396
391;397
397;398
398;399
399;401
39;40
400;407
400;415
401;403
402;405
402;406
403;405
404;410
404;417
406;415
407;408
408;410
409;411
409;417
411;412
412;414
413;421
413;423
414;418
416;421
416;422
418;422
419;420
419;423
41;42
420;424
424;425
425;426
426;428
427;429
427;434
428;429
42;43
430;437
430;439
431;432
431;438
432;435
433;434
433;438
435;439
436;437
436;443
43;45
440;442
440;443
441;444
441;451
442;444
445;447
445;449
446;447
446;448
448;450
449;451
44;47
44;49
450;454
452;454
452;456
453;456
453;457
455;458
455;469
457;469
458;460
459;464
459;466
460;463
461;462
461;463
462;465
464;465
466;468
467;468
467;472
46;52
46;57
470;478
470;481
471;472
471;473
473;477
474;476
474;480
475;477
475;478
476;481
479;480
479;482
482;483
483;485
484;490
484;493
485;488
486;487
486;493
487;492
488;489
489;490
48;53
48;55
491;498
491;499
492;494
494;496
495;497
495;499
496;497
498;500
49;51
4;7
500;501
501;503
502;505
502;506
503;507
504;508
504;510
505;508
506;509
507;509
50;54
50;55
510;513
511;512
511;513
512;514
514;517
515;518
515;519
516;518
516;521
517;521
519;523
51;57
520;524
520;525
522;523
522;524
525;527
526;529
526;531
527;531
528;529
528;530
52;53
530;533
532;534
532;536
533;536
534;535
535;539
537;538
537;545
538;540
539;544
540;544
541;542
541;543
542;545
543;546
546;553
547;549
547;551
548;549
548;550
54;56
550;553
551;552
552;557
554;556
554;557
555;556
555;559
558;560
558;565
559;560
561;564
561;566
562;563
562;565
563;564
566;567
567;569
568;570
568;573
569;570
56;58
571;573
571;574
572;575
572;576
574;575
576;577
577;579
578;579
578;580
580;588
581;587
581;589
582;584
582;588
583;585
583;586
584;587
585;589
586;590
58;60
590;591
591;593
592;593
592;597
594;595
594;598
595;597
596;599
596;602
598;599
59;64
59;66
5;6
5;7
600;602
600;603
601;604
601;605
603;605
604;607
606;607
606;608
608;610
609;611
609;612
60;64
610;612
611;613
613;617
614;615
614;617
615;618
616;618
616;624
619;620
619;628
61;62
61;66
620;624
621;626
621;628
622;623
622;626
623;631
625;630
625;631
627;630
627;633
629;637
629;640
62;65
632;634
632;635
633;635
634;640
636;637
636;638
638;639
639;643
63;67
63;71
641;645
641;649
642;646
642;650
643;645
644;650
644;652
646;649
647;656
647;664
648;651
648;656
651;653
652;664
653;660
654;657
654;658
655;657
655;660
658;667
659;661
659;662
65;68
661;667
662;665
663;665
663;668
666;668
666;671
669;673
669;674
670;672
670;678
671;673
672;679
674;675
675;678
676;677
676;684
677;682
679;682
67;73
680;683
680;684
681;683
681;686
685;687
685;691
686;687
688;689
688;691
689;692
68;69
690;695
690;696
692;695
693;697
693;699
694;696
694;699
697;698
698;700
69;73
6;11
700;706
701;704
701;709
702;705
702;708
703;708
703;709
704;706
705;712
707;712
707;723
70;81
70;82
710;716
710;719
711;714
711;723
713;715
713;716
714;717
715;728
717;718
718;719
71;75
720;721
720;728
721;724
722;724
722;729
725;726
725;733
726;729
727;731
727;733
72;76
72;78
730;736
730;738
731;739
732;734
732;739
734;735
735;736
737;740
737;741
738;740
741;744
742;745
742;746
743;744
743;747
745;747
746;751
748;750
748;755
749;751
749;754
74;84
74;89
750;753
752;753
752;756
754;755
756;758
757;759
757;761
758;759
75;77
760;763
760;764
761;763
762;767
762;768
764;767
765;766
765;771
766;774
768;774
769;776
769;786
76;79
770;771
770;772
772;776
773;778
773;786
775;777
775;778
777;780
779;780
779;782
77;78
781;785
781;790
782;785
783;784
783;792
784;787
787;790
788;789
788;792
789;791
791;796
793;794
793;795
794;796
795;797
797;799
798;800
798;802
799;802
79;86
800;806
801;804
801;806
803;807
803;809
804;807
805;808
805;809
808;810
80;81
80;86
810;813
811;814
811;818
812;813
812;818
814;816
815;824
815;829
816;817
817;822
819;826
819;828
820;823
820;826
821;822
821;824
823;829
825;827
825;830
827;831
828;830
82;89
831;834
832;833
832;834
833;835
835;837
836;839
836;841
837;839
838;840
838;841
83;92
83;95
840;843
842;844
842;846
843;847
844;848
845;846
845;847
848;849
849;851
84;85
850;852
850;853
851;853
852;855
854;855
854;860
856;859
856;863
857;858
857;860
858;859
85;88
861;862
861;863
862;867
864;866
864;867
865;873
865;876
866;869
868;872
868;876
869;872
870;877
870;881
871;873
871;875
874;875
874;878
877;884
878;881
879;884
879;888
87;88
87;92
880;886
880;888
882;883
882;886
883;887
885;893
885;895
887;889
889;893
890;892
890;894
891;894
891;898
892;895
896;900
896;905
897;898
897;905
899;900
899;904
8;10
8;9
901;902
901;904
902;912
903;907
903;910
906;911
906;914
907;912
908;910
908;914
909;917
909;918
90;91
90;93
911;916
913;919
913;921
915;920
915;925
916;917
918;919
91;95
920;926
921;922
922;923
923;924
924;927
925;927
926;928
928;930
929;931
929;933
930;931
932;933
932;941
934;939
934;948
935;937
935;941
936;938
936;940
937;938
939;942
93;97
940;945
942;943
943;944
944;946
945;948
946;947
946;949
94;96
94;97
96;103
98;100
98;101
99;100
99;103
9;13
